qe=0.800000;
qp=0.100000;
qs=0.050000;
qv=0.050000;
sigmaee=0.10;
sigmaep=0.10;
sigmaes=0.20;
sigmaev=0.10;
sigmape=0.10;
sigmapp=0.10;
sigmaps=0.20;
sigmapv=0.10;
sigmase=0.10;
sigmasp=0.10;
sigmass=0.20;
sigmasv=0.10;
sigmave=0.10;
sigmavp=0.10;
sigmavs=0.20;
sigmavv=0.10;
sigmaExte=0.25;
sigmaExtp=0.25;
sigmaExts=0.25;
sigmaExtv=0.25;
kbar_ee=0.006957;
kbar_ep=0.040580;
kbar_es=0.026667;
kbar_ev=0.005797;
kbar_pe=0.033267;
kbar_pp=0.030891;
kbar_ps=0.014257;
kbar_pv=0.001584;
kbar_se=0.044444;
kbar_sp=0.011429;
kbar_ss=0.006349;
kbar_sv=0.017778;
kbar_ve=0.027234;
kbar_vp=0.000000;
kbar_vs=0.051064;
kbar_vv=0.001702;
knorm=1.
jee=0.7635605663907304;
jep=0.9164095584536405;
jes=0.20000487042114026;
jev=1.9999999904805328;
jpe=0.8362626134846545;
jpp=1.7063005698546485;
jps=0.20049530302642923;
jpv=1.4948587945514369;
jse=0.2005360540717286;
jsp=1.9506978481818948;
jss=1.9999997010054922;
jsv=0.20000000331591558;
jve=0.3176932159302462;
jvp=1.1914491653663632;
jvs=0.3216626793452414;
jvv=1.9999999666926433;
jExte=0.0002594899
jExtp=0.0000601688
jExts=0.0001286165
jExtv=0.0000100000
pExte=0.250
pExtp=0.250
pExts=0.200
pExtv=0.200
Vth=1.00;
Vre=0.00;
Vlb=-1.00;
taume=30.00;
taump=20.00;
taums=20.00;
taumv=20.00;
V0min=-1;
V0max=Vth;
T=300;
dt=.01;
Tburn=100;